,x1,x2,x3,x4,x5,xcat1,xcat2,y_class
0,40,116,70,93.375,46.125,1,0,0
1,49,156,94,155.175,25.5,0,0,0
2,44,132,88,200.475,51.0,1,0,1
3,42,128,80,188.25,61.125,0,0,0
4,50,128,80,97.8,32.25,1,0,0
5,48,144,90,183.6,37.125,0,1,1
6,46,100,85,178.35,50.625,1,0,0
7,50,147,102,206.325,34.5,1,1,2
8,40,124,84,220.95,36.0,0,0,0
9,57,130,90,170.25,52.5,0,0,1
10,62,148,92,173.4,75.0,0,0,1
11,52,126,80,173.625,54.375,0,0,0
12,56,172,103,233.775,25.5,1,0,2
13,46,135,90,163.125,44.625,0,0,0
14,54,156,96,187.725,66.75,0,0,0
15,41,125,82,160.5,41.25,0,0,0
16,32,145,94,102.9,31.875,0,0,0
17,46,138,98,166.5,40.5,0,0,0
18,54,138,86,165.225,42.75,0,1,1
19,55,138,100,156.6,36.0,0,0,1
20,57,140,90,137.25,43.125,0,0,1
21,31,156,96,184.425,32.625,1,0,0
22,36,110,74,251.925,51.75,0,0,0
23,38,126,90,168.975,34.5,0,0,0
24,38,132,82,189.3,48.75,0,0,0
25,39,110,62,164.175,73.5,1,0,0
26,40,118,73,167.25,46.5,1,0,0
27,41,138,86,178.8,48.0,0,0,0
28,41,144,92,180.9,49.875,0,0,0
29,42,160,96,189.975,41.625,0,0,1
30,43,122,80,214.725,51.375,0,0,0
31,43,130,86,178.05,37.875,0,0,0
32,43,132,92,217.95,51.375,0,0,0
33,44,126,84,162.45,31.125,1,0,0
34,44,130,72,178.05,66.375,1,0,0
35,44,124,90,184.35,58.875,0,0,0
36,45,128,91,149.25,35.625,0,0,0
37,46,132,86,133.95,24.75,1,0,1
38,46,134,78,173.475,61.875,0,0,0
39,46,160,105,121.2,35.625,0,1,1
40,46,136,88,201.525,39.0,0,0,0
41,47,130,86,260.925,55.125,1,0,1
42,47,120,80,198.225,35.625,0,0,0
43,50,122,80,186.75,42.375,1,0,0
44,50,122,96,237.0,49.875,0,0,1
45,51,118,82,233.175,46.875,1,0,1
46,52,151,113,99.825,62.625,0,0,0
47,53,128,88,207.525,45.75,0,0,0
48,54,140,100,164.325,53.625,0,0,1
49,55,122,74,135.0,69.75,1,0,0
50,57,152,92,194.25,33.75,0,0,2
51,58,126,87,227.1,51.0,0,1,1
52,36,124,90,169.575,41.625,0,0,0
53,37,136,98,149.1,37.125,1,0,0
54,39,140,90,196.2,41.25,0,0,0
55,39,120,60,188.1,43.125,0,0,0
56,40,144,98,184.425,36.75,0,0,0
57,40,153,104,215.25,43.5,1,0,1
58,43,130,80,184.35,28.125,0,0,0
59,44,120,82,165.075,31.875,1,0,0
60,45,138,90,289.8,43.5,1,0,1
61,47,144,80,222.525,56.625,1,0,1
62,48,142,84,183.525,41.25,1,0,1
63,49,146,94,231.9,40.125,1,1,2
64,50,142,91,172.275,42.0,0,0,1
65,54,112,80,228.0,45.9,0,0,0
66,60,148,94,170.7,39.0,0,0,1
67,40,155,95,179.325,65.625,1,0,0
68,41,130,80,131.25,52.5,1,0,0
69,45,118,86,222.225,43.125,1,0,1
70,46,158,114,202.5,29.25,0,0,1
71,48,112,62,232.725,50.25,0,0,0
72,55,134,76,178.125,59.625,0,0,0
73,56,136,90,150.075,32.625,1,1,2
74,59,146,90,192.075,49.5,1,0,2
75,63,140,82,185.25,41.25,0,0,1
76,65,152,88,241.65,47.625,1,0,2
77,69,166,87,171.9,52.875,1,0,2
78,68,138,80,230.325,58.125,0,0,1
79,43,127,84,165.675,51.75,1,0,0
80,43,157,108,248.625,55.875,1,0,1
81,58,122,82,202.2,51.375,0,0,0
82,58,134,84,105.075,36.75,0,1,1
83,44,132,84,160.8,57.0,1,0,0
84,44,139,88,145.875,24.0,1,0,1
85,59,166,120,194.55,56.625,0,0,1
86,53,193,114,227.025,46.5,1,0,2
87,53,124,80,315.375,44.25,1,0,1
88,34,122,80,210.6,47.625,1,0,0
89,53,141,94,192.15,42.75,1,0,2
90,43,140,80,147.975,48.375,1,0,0
91,43,118,78,166.35,43.125,0,0,0
92,34,130,88,200.7,49.125,0,0,0
93,43,152,100,227.625,58.5,0,0,0
94,52,154,100,199.425,49.125,0,1,1
95,54,118,72,172.725,67.5,0,0,0
96,46,112,76,189.0,51.75,0,0,0
97,43,150,104,189.9,38.625,1,0,2
98,58,156,96,221.1,43.125,1,0,2
99,53,105,66,171.0,64.5,1,0,0
100,45,141,101,166.35,54.375,0,1,1
101,53,138,99,159.9,45.375,0,0,0
102,65,142,90,125.025,62.25,1,0,1
103,49,150,98,157.275,63.375,1,0,0
104,54,158,96,179.85,60.375,1,0,1
105,54,144,88,169.425,43.5,0,0,1
106,45,140,90,277.65,47.625,0,0,0
107,53,156,94,166.5,43.125,1,0,1
108,44,112,78,185.925,37.875,1,0,0
109,53,142,82,214.125,45.0,0,0,1
110,50,140,90,253.575,32.625,1,0,2
111,55,146,88,167.925,58.125,0,0,0
112,45,136,90,175.275,42.0,0,0,0
113,57,120,75,185.7,39.375,0,0,0
114,51,132,84,222.6,43.125,0,0,1
115,47,106,58,216.75,56.25,0,0,0
116,46,146,98,108.375,42.375,0,0,0
117,41,129,81,223.95,37.5,1,0,0
118,50,134,70,160.95,48.75,1,0,1
119,56,152,82,147.45,45.0,0,0,0
120,50,130,82,195.825,60.0,0,0,0
121,51,118,74,193.8,61.5,0,0,0
122,53,175,104,89.1,53.25,0,0,0
123,43,144,76,213.375,30.0,0,0,1
124,59,134,90,180.975,37.5,0,0,1
125,32,120,86,193.2,48.75,0,0,0
126,36,145,104,187.125,48.75,1,0,0
127,42,110,60,227.55,43.125,0,0,0
128,43,128,80,244.35,58.125,1,0,0
129,34,114,74,185.625,38.25,0,0,0
130,42,126,88,250.125,39.375,0,0,0
131,55,140,96,228.9,33.75,0,0,2
132,59,145,90,209.1,35.625,0,0,1
133,30,130,90,156.075,88.125,0,0,0
134,56,127,73,200.7,55.125,0,0,0
135,47,126,82,183.0,41.25,0,0,0
136,43,112,88,191.025,44.25,0,0,0
137,37,114,64,185.25,31.875,1,0,0
138,42,114,74,211.35,52.5,0,0,0
139,44,140,82,170.55,41.25,0,0,0
140,51,128,80,131.7,63.75,1,0,0
141,44,144,92,161.325,48.75,0,0,0
142,34,146,70,207.525,52.5,0,0,0
143,64,180,107,226.425,54.75,0,0,2
144,52,109,71,171.225,62.625,0,0,0
145,54,134,92,200.85,39.375,0,1,2
146,30,131,84,203.175,59.25,0,0,0
147,53,135,97,233.625,34.875,1,0,2
148,59,147,98,205.5,67.125,0,0,1
149,58,134,90,126.6,67.5,0,0,0
150,35,110,80,222.9,58.875,0,0,0
151,56,112,78,100.2,28.5,0,0,0
152,44,120,78,212.475,75.0,1,0,0
153,50,120,90,207.675,43.125,0,0,1
154,38,128,74,214.575,33.75,1,0,0
155,49,142,100,163.5,35.625,0,0,1
156,51,142,88,184.125,48.75,0,0,0
157,49,136,91,181.05,49.875,0,0,0
158,38,150,90,112.2,55.5,0,0,0
159,55,130,80,258.9,48.0,0,0,1
160,43,106,60,147.75,28.125,0,0,0
161,49,122,80,177.45,55.5,0,0,0
162,47,150,100,210.15,48.75,0,0,1
163,54,136,84,185.625,45.0,1,0,1
164,58,174,110,263.775,43.875,1,0,2
165,44,108,66,188.175,56.25,0,0,0
166,47,116,80,191.475,46.875,0,0,0
167,45,117,81,177.15,44.25,1,0,0
168,44,119,81,219.0,45.0,0,0,0
169,42,136,88,219.3,43.125,0,0,0
170,60,129,81,178.2,58.125,0,0,0
171,63,142,90,152.475,49.5,0,0,1
172,44,116,70,244.05,75.0,0,0,0
173,44,130,80,256.35,43.125,0,1,1
174,50,132,88,97.05,88.5,0,0,0
175,44,119,87,195.825,30.75,0,0,1
176,58,154,98,163.65,45.0,1,0,1
177,41,128,80,203.625,35.625,1,0,0
178,60,122,90,102.75,45.0,1,0,1
179,54,142,96,210.0,59.25,0,0,0
180,32,120,80,174.075,71.625,0,0,0
181,45,150,104,147.375,52.5,0,0,0
182,46,144,92,231.9,48.75,1,0,1
183,67,148,82,274.05,69.375,1,0,2
184,42,136,82,193.875,37.5,1,0,1
185,57,136,94,157.5,53.625,0,0,0
186,45,138,104,132.975,56.25,0,0,0
187,36,100,70,199.725,35.625,0,0,0
188,58,132,93,160.575,40.875,0,0,1
189,60,165,91,188.25,45.0,0,0,1
190,49,118,72,217.125,41.25,0,0,0
191,57,130,50,199.575,63.0,0,0,0
192,64,141,95,135.75,72.375,0,0,0
193,56,132,88,257.1,46.875,1,0,1
194,60,136,88,230.55,41.25,0,0,1
195,62,138,86,156.375,61.875,0,1,0
196,47,120,86,239.175,48.75,0,0,0
197,39,144,90,164.475,38.25,0,0,0
198,43,136,89,205.125,61.875,0,0,0
199,54,116,82,186.45,65.625,1,0,0
200,55,151,95,139.35,49.125,1,0,1
201,49,114,76,195.075,54.375,0,0,0
202,51,120,70,187.125,48.75,0,0,0
203,43,144,88,191.325,39.375,0,0,0
204,30,148,88,118.725,48.375,0,0,0
205,57,144,82,184.125,32.25,0,0,1
206,31,122,70,192.375,50.625,1,0,0
207,56,180,94,119.475,57.0,0,0,0
208,54,130,90,143.175,50.625,0,0,0
209,47,128,96,138.0,71.25,1,0,0
210,55,116,72,180.825,41.625,1,0,1
211,52,130,89,195.075,51.75,0,0,0
212,53,185,110,159.0,75.0,0,0,0
213,42,150,102,170.475,44.25,0,0,0
214,46,114,84,210.6,41.25,0,0,0
215,57,132,84,150.225,41.625,0,0,0
216,48,140,100,196.275,57.0,0,0,1
217,67,167,89,132.375,75.0,0,0,1
218,57,134,76,233.775,58.125,1,0,1
219,43,142,88,109.05,45.0,0,0,0
220,50,120,80,164.55,43.125,1,0,0
221,40,118,70,185.025,54.375,1,0,0
222,47,110,78,210.6,39.375,1,0,1
223,48,151,101,157.425,66.0,0,0,0
224,53,110,70,197.1,71.625,0,0,0
225,46,129,78,173.775,48.375,0,0,0
226,47,108,74,181.35,48.75,0,0,0
227,42,134,82,266.25,30.0,1,0,1
228,37,124,72,273.375,41.25,1,0,0
229,45,110,64,305.4,66.75,0,0,0
230,57,112,66,168.675,60.375,1,0,0
231,34,126,74,174.675,46.875,1,0,0
232,46,122,82,180.3,37.5,0,0,0
233,39,124,86,207.15,40.875,1,0,1
234,60,151,101,230.7,54.375,0,0,1
235,57,122,80,197.25,39.375,0,0,1
236,56,126,80,178.275,42.75,1,0,1
237,40,130,90,191.85,43.125,0,0,0
238,57,128,90,170.7,46.875,0,0,1
239,34,140,92,186.975,30.75,1,0,1
240,41,124,74,245.925,45.75,0,0,0
241,50,142,82,187.575,56.25,0,0,0
242,39,112,72,172.35,78.75,1,0,0
243,58,144,90,193.725,60.0,0,0,1
244,47,140,90,175.65,45.0,0,0,0
245,48,124,88,197.775,25.875,0,0,1
246,43,146,100,186.15,31.875,1,0,1
247,49,152,92,136.5,69.375,1,0,0
248,57,110,82,124.5,39.375,1,0,1
249,50,124,84,150.825,63.75,1,0,0
250,54,120,85,187.725,48.75,0,0,0
251,49,112,70,113.625,45.0,1,0,0
252,51,136,98,184.125,56.25,0,0,0
253,57,118,82,201.0,41.25,1,0,1
254,59,142,94,139.425,43.125,0,0,1
255,64,150,88,229.5,61.875,0,0,1
256,36,142,88,171.75,38.625,1,0,0
257,54,150,112,134.925,30.75,0,0,1
258,46,119,70,187.05,30.75,1,0,1
259,40,113,73,186.75,43.125,0,0,0
260,50,130,85,201.0,31.125,0,0,1
261,49,145,91,183.375,43.125,0,0,0
262,47,128,88,138.3,51.0,0,0,0
263,33,144,93,147.375,41.25,1,0,0
264,54,120,78,197.85,43.125,1,0,1
265,54,130,88,243.3,43.125,0,0,1
266,41,132,84,192.75,41.25,0,0,0
267,37,120,88,205.875,39.375,1,0,0
268,57,120,80,245.475,45.0,0,0,0
269,48,132,84,252.3,49.5,1,0,1
270,58,143,91,211.275,67.5,0,0,1
271,50,130,80,201.075,39.0,1,0,1
272,50,128,88,195.45,59.25,0,0,0
273,66,150,76,212.775,28.125,0,0,2
274,48,130,84,230.4,65.625,0,0,0
275,50,164,80,133.875,59.25,1,0,0
276,53,135,82,188.325,54.375,1,0,1
277,34,136,72,226.725,55.5,0,0,0
278,55,143,88,140.7,75.75,0,0,0
279,48,210,122,146.025,34.5,1,1,2
280,30,106,80,200.4,37.5,0,0,0
281,42,130,90,181.275,73.875,0,0,0
282,40,139,94,87.45,57.0,1,0,0
283,46,151,91,161.175,35.625,0,0,0
284,48,108,74,255.0,48.75,0,0,0
285,48,170,116,145.425,55.5,0,0,0
286,50,124,75,175.575,34.875,0,0,0
287,45,126,82,163.5,63.75,0,0,0
288,56,144,96,136.65,50.25,0,0,0
289,57,174,80,156.225,44.25,0,0,1
290,47,128,90,251.85,45.0,1,0,1
291,52,142,88,254.775,45.75,0,0,1
292,41,132,86,134.025,72.375,0,0,0
293,40,132,90,211.425,48.75,0,0,0
294,49,128,88,181.95,65.625,1,0,0
295,49,114,70,282.075,39.375,1,0,1
296,56,112,70,210.375,75.0,1,0,0
297,46,132,80,187.5,41.25,1,0,1
298,47,108,83,190.275,45.375,0,0,0
299,37,108,66,188.1,31.875,1,0,0
300,42,128,82,180.0,41.25,0,0,0
301,47,130,88,275.55,48.75,0,0,0
302,47,166,100,99.45,70.875,0,0,0
303,43,130,80,184.725,49.125,0,0,0
304,37,132,78,166.125,44.625,0,0,0
305,49,147,82,163.575,38.625,0,0,0
306,35,132,91,352.575,45.75,0,0,0
307,42,130,88,214.875,49.5,0,0,0
308,49,130,88,192.375,93.75,0,0,0
309,55,131,91,170.925,55.5,0,0,0
310,53,143,103,183.0,48.0,0,0,1
311,62,173,105,213.75,63.75,0,0,1
312,57,142,92,216.375,52.5,1,0,2
313,41,118,78,282.375,50.625,0,0,0
314,49,144,106,174.825,64.125,1,0,1
315,31,112,75,189.3,39.75,0,0,0
316,41,132,96,226.875,29.25,1,0,1
317,42,120,84,249.375,58.125,0,0,0
318,50,130,84,192.0,31.875,0,0,1
319,39,144,82,204.75,49.5,0,0,0
320,55,180,106,182.85,49.5,0,0,1
321,54,130,89,144.0,39.75,1,0,1
322,49,134,84,180.0,39.375,1,0,1
323,48,120,70,170.925,51.375,1,0,0
324,39,125,82,212.175,49.125,1,0,0
325,39,146,92,133.5,42.375,1,0,0
326,64,140,96,168.375,69.0,0,0,1
327,35,131,83,141.45,22.875,1,0,0
328,55,150,94,200.25,35.625,0,0,1
329,49,116,78,212.625,61.875,1,0,0
330,37,127,91,188.55,50.25,0,0,0
331,69,136,82,179.1,70.5,1,0,1
332,50,110,70,166.05,60.0,0,0,0
333,35,126,76,219.9,31.875,1,0,0
334,48,140,100,277.275,37.5,1,0,2
335,47,110,85,176.775,48.75,0,0,0
336,56,148,80,135.375,75.375,0,0,0
337,43,117,83,173.325,25.875,1,0,0
338,43,128,72,158.625,52.5,1,0,0
339,49,126,82,244.425,34.5,0,0,1
340,43,128,90,134.475,36.375,0,0,0
341,47,108,70,199.125,54.375,0,0,0
342,46,128,90,234.15,43.125,0,0,1
343,33,147,75,99.75,41.25,0,0,0
344,43,112,70,155.55,28.125,1,0,0
345,44,120,68,234.45,39.375,1,0,1
346,61,186,122,148.875,45.0,1,0,1
347,38,139,88,199.35,44.625,0,0,0
348,45,118,80,163.5,54.375,1,0,0
349,50,150,90,157.425,50.625,1,0,1
350,46,144,102,191.625,63.0,0,0,0
351,44,126,82,251.1,50.25,0,0,0
352,50,148,96,203.325,58.5,0,0,1
353,45,114,78,166.275,69.375,0,0,0
354,47,128,83,241.2,55.875,1,0,0
355,56,134,76,216.375,73.125,0,0,0
356,49,139,89,192.6,46.125,1,0,1
357,44,122,84,169.2,60.0,1,0,0
358,46,130,84,227.775,56.625,1,0,1
359,70,122,84,224.775,50.25,1,0,2
360,42,156,92,200.7,65.625,0,0,0
361,47,194,102,232.5,51.0,1,0,1
362,50,121,81,225.225,37.5,1,0,1
363,40,147,99,182.175,38.25,0,0,0
364,62,158,98,151.95,45.0,0,1,1
365,45,147,107,168.825,45.0,0,0,0
366,40,120,80,194.775,48.375,0,0,0
367,52,152,112,167.25,48.0,0,0,0
368,45,146,100,195.9,33.75,1,0,2
369,38,120,70,213.3,48.75,1,0,0
370,54,168,108,219.6,46.5,0,0,1
371,44,160,100,192.225,48.75,1,0,1
372,58,150,101,120.825,59.25,0,0,0
373,52,147,97,111.75,41.25,0,0,0
374,41,144,78,228.525,54.375,0,0,0
375,49,132,86,176.55,48.75,0,0,0
376,42,120,60,216.75,50.625,0,0,0
377,51,114,72,252.225,30.0,0,0,1
378,63,180,86,158.775,44.25,0,1,2
379,50,132,88,179.625,64.875,1,0,0
380,39,120,80,162.525,41.25,1,0,0
381,48,135,80,198.75,50.25,1,0,1
382,43,168,103,219.375,48.0,0,0,0
383,44,134,96,174.375,50.625,0,0,0
384,39,134,76,212.475,57.375,0,0,0
385,36,158,101,225.375,45.0,1,0,1
386,49,132,84,105.375,38.25,0,1,0
387,51,168,108,166.125,35.625,0,0,1
388,55,150,94,181.275,54.375,0,0,0
389,51,145,93,192.375,54.375,0,0,1
390,46,122,74,228.9,38.25,1,0,1
391,31,124,88,182.325,69.375,1,0,0
392,45,138,88,193.5,30.0,0,0,1
393,51,122,80,179.775,55.125,0,0,0
394,49,118,78,187.65,46.875,0,0,0
395,43,134,82,214.65,55.125,0,0,0
396,57,130,86,241.5,58.125,1,0,1
397,52,128,86,270.45,42.0,1,0,1
398,58,182,104,187.875,71.25,0,0,0
399,49,128,89,233.25,40.125,1,0,1
400,50,138,90,196.65,36.75,0,0,1
401,53,114,74,164.025,47.25,0,0,0
402,50,179,97,223.2,51.375,1,0,1
403,44,134,80,169.5,43.125,1,0,1
404,43,132,84,208.575,39.75,0,0,0
405,48,148,90,72.375,50.625,0,1,0
406,46,140,82,164.55,36.0,1,0,1
407,52,134,84,186.375,37.5,0,0,0
408,50,138,92,192.45,53.625,0,0,1
409,48,118,76,238.05,41.25,0,0,0
410,41,140,94,180.3,26.625,1,0,1
411,44,142,94,167.625,30.0,0,0,0
412,47,126,90,167.25,39.375,1,0,1
413,45,236,119,136.875,45.0,1,0,0
414,49,140,70,256.5,61.875,0,0,0
415,51,125,84,187.5,54.375,1,0,0
416,55,178,108,184.725,43.125,0,0,1
417,40,148,110,158.7,63.0,1,0,0
418,52,162,110,266.325,51.375,0,0,1
419,45,110,68,210.675,52.875,1,0,0
420,61,129,79,189.975,48.375,1,0,2
421,70,212,91,144.525,67.125,0,0,1
422,51,124,82,194.25,43.125,0,0,0
423,45,180,100,243.225,51.0,0,0,0
424,40,176,130,140.85,48.75,1,0,0
425,56,130,80,223.875,35.625,0,0,1
426,39,140,92,192.6,56.25,0,0,0
427,57,134,76,215.625,39.375,1,0,2
428,46,168,95,217.725,33.75,0,0,1
429,34,128,72,182.625,45.0,1,0,0
430,52,144,88,161.85,54.375,0,0,0
431,45,130,88,208.5,48.75,0,0,0
432,52,144,108,219.375,41.25,0,0,1
433,49,136,86,168.3,49.5,1,0,0
434,46,114,53,210.0,61.125,1,0,0
435,46,175,111,264.15,59.25,1,0,1
436,53,184,112,173.925,60.375,0,0,0
437,37,148,81,159.825,53.25,1,0,0
438,53,125,75,185.925,30.375,0,0,0
439,43,114,75,114.375,26.25,0,0,0
440,55,139,92,115.875,46.875,0,0,0
441,52,130,88,206.325,64.5,1,0,1
442,55,168,118,159.15,54.0,0,0,1
443,32,135,86,202.875,41.25,1,0,0
444,41,130,93,158.475,79.125,0,0,0
445,36,138,90,217.125,45.0,0,0,0
446,50,128,82,158.55,41.25,1,0,0
447,46,140,92,205.65,56.25,0,0,0
448,43,144,98,114.825,39.375,0,0,0
449,56,171,105,194.625,65.625,1,0,1
450,57,132,100,215.25,33.75,0,0,2
451,61,122,78,130.05,48.75,1,0,1
452,54,121,80,204.375,46.875,1,0,1
453,41,117,78,238.425,31.5,1,0,1
454,49,138,76,206.625,50.625,1,1,1
455,36,126,78,197.925,73.125,1,0,0
456,42,140,80,167.4,39.375,0,0,0
457,59,134,80,202.275,35.625,1,0,2
458,57,111,70,155.775,52.5,0,1,0
459,61,176,91,160.125,52.5,0,0,1
460,41,118,83,203.625,51.375,0,0,0
461,49,115,79,230.625,40.125,1,0,1
462,60,143,97,239.7,45.375,0,1,2
463,55,136,84,88.875,50.625,1,0,0
464,46,124,82,135.3,56.25,0,0,0
465,52,136,84,150.0,30.0,0,0,0
466,45,200,146,141.375,54.0,0,0,0
467,40,154,99,148.125,37.5,1,0,0
468,49,162,118,177.45,55.875,0,0,0
469,54,122,82,210.375,43.875,1,0,1
470,40,145,83,132.525,54.375,0,0,0
471,50,158,114,152.625,48.375,0,0,0
472,34,142,92,132.375,37.125,0,0,0
473,55,160,95,153.75,52.5,1,1,1
474,48,132,80,188.625,65.625,1,0,0
475,54,126,84,203.25,61.875,0,0,0
476,50,150,101,206.025,40.5,1,0,2
477,49,134,88,227.4,44.25,0,0,1
478,53,140,86,213.525,37.5,1,0,2
479,54,158,100,170.775,43.5,0,0,1
480,51,152,80,222.375,30.0,1,0,2
481,55,134,88,178.725,56.25,0,0,0
482,39,118,76,202.125,37.5,1,0,0
483,35,130,83,190.575,52.5,0,0,0
484,51,133,81,182.925,27.375,1,0,1
485,39,144,94,171.75,45.0,1,0,0
486,56,196,125,175.875,52.5,0,0,1
487,49,130,90,205.875,43.125,0,0,1
488,47,128,86,189.0,45.0,0,0,0
489,45,130,94,160.125,43.125,1,0,1
490,52,114,70,235.875,24.375,1,0,1
491,60,126,78,149.625,52.5,0,0,0
492,55,192,116,151.425,33.75,0,1,1
493,54,154,84,201.75,63.75,1,0,1
494,30,112,72,234.675,45.0,1,0,0
495,45,120,86,197.4,52.5,0,0,0
496,36,123,66,135.0,67.5,1,0,0
497,47,119,81,214.575,51.375,0,0,0
498,48,136,82,280.425,63.75,0,0,0
499,52,144,91,165.825,20.625,1,0,2
500,49,117,79,186.375,26.625,1,0,1
501,56,144,81,166.875,33.75,1,0,2
502,41,141,93,215.625,43.125,0,0,0
503,54,152,90,126.45,28.125,0,0,1
504,49,157,104,231.6,43.5,1,1,2
505,52,145,95,268.95,41.25,0,0,1
506,53,140,94,210.375,39.375,1,0,2
507,59,141,95,156.0,52.5,1,0,1
508,33,128,84,199.2,54.375,1,0,0
509,49,112,80,154.05,80.25,0,0,0
510,47,145,95,207.9,58.125,1,0,1
511,44,142,98,155.85,65.25,1,0,0
512,45,169,108,140.625,46.875,1,0,0
513,47,110,70,200.85,49.125,1,0,0
514,47,132,84,205.5,53.25,0,0,0
515,56,152,86,156.375,33.75,0,0,1
516,55,189,108,162.75,52.5,1,0,1
517,39,152,98,188.85,58.875,1,0,0
518,53,132,90,193.05,36.375,1,1,2
519,46,130,86,186.15,42.75,0,0,0
520,40,152,100,176.775,35.25,1,0,1
521,43,136,82,210.9,38.625,1,0,1
522,45,142,90,191.325,35.25,0,0,1
523,63,160,101,170.25,37.5,0,0,1
524,40,136,90,184.5,33.375,0,0,0
525,43,145,97,218.25,50.625,0,0,0
526,44,148,104,168.6,54.75,0,0,0
527,57,214,110,207.75,73.125,0,0,1
528,39,130,76,186.3,48.75,0,0,0
529,30,128,84,198.6,28.125,1,0,0
530,46,126,76,191.925,33.75,1,0,1
531,47,148,87,149.25,43.125,1,0,1
532,42,141,100,185.325,47.625,0,0,0
533,41,134,80,199.725,30.0,0,0,0
534,54,139,97,277.5,52.5,0,0,1
535,54,120,93,168.825,51.0,0,0,0
536,45,154,116,121.725,36.75,0,1,1
537,50,128,95,120.75,37.5,0,0,0
538,37,147,102,193.125,54.375,1,0,1
539,47,160,108,168.15,36.0,0,0,0
540,57,150,100,156.15,45.0,0,0,0
541,53,122,73,228.45,43.125,0,0,0
542,54,152,86,196.05,48.375,0,0,1
543,43,124,72,165.45,30.75,1,0,0
544,70,131,82,172.425,51.75,0,1,2
545,47,184,112,289.8,56.25,1,0,1
546,52,136,96,192.825,51.0,0,0,1
547,52,142,90,210.975,62.625,0,0,0
548,45,162,121,190.5,51.0,0,0,0
549,43,116,80,177.375,30.0,1,0,0
550,34,130,90,176.7,54.75,0,0,0
551,43,136,88,90.9,37.5,1,0,0
552,55,154,84,174.0,54.375,0,0,0
553,46,138,89,222.0,46.125,0,0,0
554,53,161,90,165.3,65.25,0,1,1
555,56,142,88,277.5,42.0,0,0,1
556,48,175,111,199.875,56.25,1,0,1
557,36,126,76,214.575,39.75,1,0,0
558,41,155,109,161.25,33.75,1,0,1
559,46,169,109,194.925,54.0,0,0,0
560,48,134,89,176.7,56.25,0,0,0
561,54,170,92,263.55,67.5,1,0,1
562,45,136,80,164.625,63.75,0,0,0
563,43,142,98,174.375,72.375,0,0,0
564,54,104,64,177.075,52.5,1,0,0
565,47,116,68,188.4,34.125,0,0,0
566,33,102,70,187.575,37.5,1,0,0
567,55,148,100,202.5,42.375,1,0,2
568,50,128,88,219.225,53.25,1,0,1
569,32,118,74,233.025,53.25,0,0,0
570,41,142,88,197.25,58.125,0,0,0
571,47,128,86,187.125,58.125,1,0,0
572,60,170,96,141.75,75.0,0,0,0
573,49,147,116,182.55,35.625,1,0,1
574,54,161,97,161.7,26.625,0,1,2
575,42,170,113,174.9,40.125,1,0,1
576,52,114,78,171.9,45.375,1,0,0
577,58,117,79,232.05,49.125,0,0,0
578,52,155,108,170.55,41.625,0,0,1
579,47,132,74,182.1,67.5,1,0,0
580,57,178,112,193.8,32.625,0,1,2
581,50,122,80,193.125,48.75,0,0,0
582,51,150,98,157.8,43.875,0,1,1
583,45,154,90,195.3,45.0,0,0,0
584,47,126,86,186.675,50.625,0,0,0
585,40,174,112,211.575,51.0,0,0,0
586,51,133,89,196.35,49.125,0,0,0
587,40,124,80,198.375,24.375,0,0,0
588,43,140,95,174.375,46.125,0,0,0
589,58,142,100,181.8,76.875,0,0,0
590,48,128,76,172.8,54.375,0,0,0
591,41,128,88,225.675,50.625,0,0,0
592,53,160,100,175.05,40.125,1,0,2
593,45,122,74,237.0,27.0,1,0,1
594,46,138,96,213.3,37.125,1,0,1
595,42,152,96,217.35,35.625,1,0,1
596,47,146,100,249.0,31.875,0,1,2
597,51,178,102,117.75,65.625,0,0,0
598,54,118,76,185.7,62.625,0,0,0
599,47,184,112,184.875,37.5,1,0,1
600,37,153,103,152.7,42.0,0,0,0
601,41,134,82,249.75,45.0,1,0,0
602,55,143,89,157.725,41.25,0,0,0
603,53,166,101,147.375,127.5,1,0,0
604,45,170,99,187.875,42.375,1,0,1
605,43,154,86,212.55,56.25,1,0,1
606,48,132,91,166.275,48.75,0,0,0
607,49,128,84,193.05,33.75,1,0,1
608,61,151,93,186.6,52.125,0,0,1
609,49,129,88,169.2,42.0,0,0,0
610,41,130,90,249.675,49.875,1,0,1
611,46,126,80,203.175,39.375,0,0,0
612,56,122,86,179.1,51.0,1,0,1
613,51,140,92,160.875,43.125,1,0,1
614,52,146,100,198.375,39.375,1,0,2
615,40,182,116,222.0,45.0,1,0,1
616,48,148,85,199.875,60.0,0,0,0
617,46,136,92,200.025,30.0,0,0,1
